NOAA 15                 
1 25338U 98030A   22001.92806792  .00000074  00000+0  49150-4 0  9992
2 25338  98.6632  33.4837 0011293  65.7486 294.4872 14.26079896229288
DMSP 5D-3 F15 (USA 147) 
1 25991U 99067A   22001.78391248  .00000063  00000+0  54858-4 0  9996
2 25991  99.0384 350.6418 0009410 305.0226 155.4609 14.16488851140179
METEOSAT-8 (MSG-1)      
1 27509U 02040B   22001.73682703  .00000137  00000+0  00000+0 0  9999
2 27509   7.7319  51.5290 0000306 227.9362 128.5600  1.00274452 70930
DMSP 5D-3 F16 (USA 172) 
1 28054U 03048A   22001.78061331  .00000006  00000+0  27049-4 0  9999
2 28054  98.9738 351.8623 0008271  71.2481  30.2855 14.13647183939488
NOAA 18                 
1 28654U 05018A   22001.90796365  .00000144  00000+0  10197-3 0  9998
2 28654  98.9716  72.3293 0015174  83.3528 276.9370 14.12672907856462
METEOSAT-9 (MSG-2)      
1 28912U 05049B   22001.87280039  .00000018  00000+0  00000+0 0  9999
2 28912   5.6463  67.3359 0001103 195.8683 155.8736  1.00267763 58714
FORMOSAT-3 FM6          
1 29047U 06011A   22001.44576126  .00000160  00000+0  78709-4 0  9991
2 29047  71.9785  40.7728 0050023 173.5819 186.5970 14.28870826821703
FORMOSAT-3 FM1          
1 29048U 06011B   22001.05842970  .00000170  00000+0  83078-4 0  9998
2 29048  71.9670 311.8172 0042111 132.9198 227.5485 14.28838749824124
FORMOSAT-3 FM5          
1 29049U 06011C   22001.79875495  .00000143  00000+0  72418-4 0  9994
2 29049  72.0204 125.1618 0033968 153.8826 206.4034 14.28921741820027
FORMOSAT-3 FM3          
1 29050U 06011D   22001.58408687  .00000387  00000+0  91045-4 0  9995
2 29050  72.0144 214.0309 0049019  19.0682 341.2290 14.59199599838443
FORMOSAT-3 FM4          
1 29051U 06011E   22001.50546377  .00000177  00000+0  84089-4 0  9994
2 29051  72.0051  26.7215 0067082  29.3894 331.0988 14.28954176822567
FORMOSAT-3 FM2          
1 29052U 06011F   22001.39336547  .00000162  00000+0  79494-4 0  9996
2 29052  72.0346 102.8367 0038163 110.4432 250.0810 14.29063097820046
EWS-G1 (GOES 13)        
1 29155U 06018A   22001.88440043  .00000043  00000+0  00000+0 0  9998
2 29155   0.3630 100.8503 0006063 142.8587 237.7180  1.00273571 27062
METOP-A                 
1 29499U 06044A   22001.73997015  .00000455  00000+0  69312-4 0  9991
2 29499  98.4741  40.8910 0199254 170.0780 301.9577 14.66877112786234
DMSP 5D-3 F17 (USA 191) 
1 29522U 06050A   22001.94049219  .00000060  00000+0  54632-4 0  9993
2 29522  98.7751  20.0479 0010023  20.5954 339.5621 14.14062396782374
FENGYUN 3A              
1 32958U 08026A   22001.81238260  .00000022  00000+0  30682-4 0  9994
2 32958  98.4790 331.4788 0009384 139.6051 220.5824 14.18681806704590
FENGYUN 2E              
1 33463U 08066A   22001.03703745 -.00000200  00000+0  00000+0 0  9994
2 33463   5.5359  66.2283 0003600 333.5667 161.0648  1.00271010 47769
NOAA 19                 
1 33591U 09005A   22001.96157417  .00000072  00000+0  64232-4 0  9999
2 33591  99.1678  32.4366 0013081 297.2548  62.7290 14.12519449664683
GOES 14                 
1 35491U 09033A   22001.85125748 -.00000084  00000+0  00000+0 0  9993
2 35491   0.1098 293.4332 0014703 291.9067  78.1902  1.00270068 45793
METEOR-M 1              
1 35865U 09049A   22001.95311446  .00000023  00000+0  29514-4 0  9996
2 35865  98.5057 338.0086 0002457  18.0615 342.0650 14.22298068637873
DMSP 5D-3 F18 (USA 210) 
1 35951U 09057A   22001.91187571  .00000135  00000+0  94739-4 0  9992
2 35951  98.7032 345.5862 0010626 196.7695 163.3128 14.13427127629604
GOES 15                 
1 36411U 10008A   22001.67526257  .00000064  00000+0  00000+0 0  9997
2 36411   0.1350 274.0227 0000279  41.9402 260.2533  1.00265042 43354
COMS 1                  
1 36744U 10032A   22001.53881644 -.00000336  00000+0  00000+0 0  9995
2 36744   0.6568  96.2730 0000678 180.0460 146.9792  1.00271927 34765
FENGYUN 3B              
1 37214U 10059A   22001.81057662 -.00000385  00000+0 -17700-3 0  9997
2 37214  99.0893   4.8461 0023298 104.6149 255.7604 14.14239364577408
SUOMI NPP               
1 37849U 11061A   22001.92899353  .00000013  00000+0  26766-4 0  9997
2 37849  98.7175 302.9292 0001448  90.0382 339.3065 14.19571701527577
FENGYUN 2F              
1 38049U 12002A   21362.87520927 -.00000339  00000+0  00000+0 0  9997
2 38049   3.3748  80.9277 0003548   8.0591  75.5803  1.00262292 36536
METEOSAT-10 (MSG-3)     
1 38552U 12035B   22001.87393422  .00000066  00000+0  00000+0 0  9997
2 38552   1.3191  29.3580 0000410 170.8347 225.0129  1.00271993 34541
METOP-B                 
1 38771U 12049A   22001.93277778  .00000046  00000+0  40870-4 0  9999
2 38771  98.6900  64.2352 0001843 129.8831 216.8790 14.21500615482079
FENGYUN 3C              
1 39260U 13052A   22001.78118465  .00000013  00000+0  27416-4 0  9993
2 39260  98.4758  38.1651 0011856  40.0209 320.1830 14.15891835428335
METEOR-M 2              
1 40069U 14037A   22001.76159020 -.00000027  00000+0  65753-5 0  9999
2 40069  98.4446  27.0672 0006926  86.6373 273.5591 14.20694097388199
HIMAWARI-8              
1 40267U 14060A   22001.68484490 -.00000267  00000+0  00000+0 0  9992
2 40267   0.0175  14.6422 0000470 270.2646 203.5933  1.00272518 26448
FENGYUN 2G              
1 40367U 14090A   22001.78473800 -.00000295  00000+0  00000+0 0  9991
2 40367   1.5188  91.0022 0003337 324.4494  67.7244  1.00282435 25681
METEOSAT-11 (MSG-4)     
1 40732U 15034A   22001.87201543  .00000001  00000+0  00000+0 0  9993
2 40732   0.2706 321.3735 0000792 132.8804 320.7222  1.00270407 23713
ELEKTRO-L 2             
1 41105U 15074A   22001.86922444 -.00000110  00000+0  00000+0 0  9993
2 41105   2.5709  90.0909 0001880 139.8129 170.0427  1.00272268 22196
HIMAWARI-9              
1 41836U 16064A   22001.68484490 -.00000267  00000+0  00000+0 0  9991
2 41836   0.0257 111.8607 0000349 211.6362 165.1072  1.00269529 18879
GOES 16                 
1 41866U 16071A   22001.85710110 -.00000240  00000+0  00000+0 0  9993
2 41866   0.0743 242.2840 0000670  90.1105   2.4535  1.00271288 18795
FENGYUN 4A              
1 41882U 16077A   22001.89294782 -.00000322  00000+0  00000+0 0  9994
2 41882   0.0235  14.5030 0006157  47.7219 105.3009  1.00274584 18667
CYGFM05                 
1 41884U 16078A   22001.74224409  .00001442  00000+0  76202-4 0  9995
2 41884  34.9551 159.2930 0015194  35.5711 324.6010 15.15399525279475
CYGFM04                 
1 41885U 16078B   22001.71967925  .00001531  00000+0  79642-4 0  9990
2 41885  34.9484 149.5799 0013447  50.6397 309.5504 15.15907450279509
CYGFM02                 
1 41886U 16078C   22001.58112670  .00001501  00000+0  78099-4 0  9997
2 41886  34.9576 152.5686 0014240  43.8478 316.3362 15.15917973279562
CYGFM01                 
1 41887U 16078D   21365.79767832  .00001309  00000+0  69769-4 0  9999
2 41887  34.9517 167.2506 0015739  26.6653 333.4865 15.15174635279287
CYGFM08                 
1 41888U 16078E   21365.83145624  .00001461  00000+0  76707-4 0  9993
2 41888  34.9487 160.4431 0014812  37.5355 322.6388 15.15601593279410
CYGFM06                 
1 41889U 16078F   21365.77243831  .00001433  00000+0  74735-4 0  9994
2 41889  34.9569 156.3091 0013286  36.0300 324.1305 15.15898815279383
CYGFM07                 
1 41890U 16078G   21365.75163192  .00001429  00000+0  74514-4 0  9995
2 41890  34.9509 155.2794 0013016  40.0197 320.1472 15.15892509279360
CYGFM03                 
1 41891U 16078H   21365.81547327  .00001436  00000+0  74894-4 0  9998
2 41891  34.9539 155.3032 0012548  38.6813 321.4795 15.15888516279362
FENGYUN 3D              
1 43010U 17072A   22001.82588645  .00000040  00000+0  40403-4 0  9994
2 43010  98.7974 307.4267 0002531  40.5408 319.5962 14.19176044214138
NOAA 20                 
1 43013U 17073A   22001.87896286  .00000011  00000+0  26058-4 0  9994
2 43013  98.7415 302.6681 0001192  99.8776 260.2534 14.19567009213596
GOES 17                 
1 43226U 18022A   22001.66726628  .00000107  00000+0  00000+0 0  9994
2 43226   0.0594 231.6461 0000241  44.3063 288.3214  1.00270175 14104
FENGYUN 2H              
1 43491U 18050A   22001.74432781 -.00000118  00000+0  00000+0 0  9995
2 43491   0.7307 101.2633 0003197  40.5531 306.5504  1.00267510 13115
METOP-C                 
1 43689U 18087A   22001.90187129  .00000049  00000+0  42397-4 0  9997
2 43689  98.7097  64.3627 0003488 146.5117 213.6281 14.21487143163646
GEO-KOMPSAT-2A          
1 43823U 18100A   22001.46703576 -.00000335  00000+0  00000+0 0  9993
2 43823   0.0412 138.9837 0000455 295.5487 322.9341  1.00271624 11292
METEOR-M2 2             
1 44387U 19038A   22001.80133546 -.00000009  00000+0  15161-4 0  9999
2 44387  98.6995 324.1356 0002224  60.0703 300.0700 14.23696366129697
FENGYUN 3E              
1 49008U 21062A   22001.84389561 -.00000024  00000+0  93921-5 0  9996
2 49008  98.7075   6.4548 0002861 107.4210 252.7277 14.19817054 25670
NOAA 15                 
1 25338U 98030A   22007.12005873  .00000022  00000+0  27747-4 0  9992
2 25338  98.6627  38.6168 0011134  51.7348 308.4832 14.26080815230278
DMSP 5D-3 F15 (USA 147) 
1 25991U 99067A   22006.93123737  .00000039  00000+0  42955-4 0  9992
2 25991  99.0391 355.8670 0009277 289.2388 124.7173 14.16489605140901
METEOSAT-8 (MSG-1)      
1 27509U 02040B   22006.82013757  .00000129  00000+0  00000+0 0  9992
2 27509   7.7418  51.5093 0000494 211.6645 179.9235  1.00277361 70995
DMSP 5D-3 F16 (USA 172) 
1 28054U 03048A   22007.15409808 -.00000027  00000+0  97816-5 0  9995
2 28054  98.9745 357.2530 0008175  57.6157  15.0845 14.13647373940230
NOAA 18                 
1 28654U 05018A   22007.14916499  .00000088  00000+0  71471-4 0  9992
2 28654  98.9707  77.5776 0015054  69.3931 290.8854 14.12674556857290
METEOSAT-9 (MSG-2)      
1 28912U 05049B   22006.94082257  .00000010  00000+0  00000+0 0  9996
2 28912   5.6585  67.3129 0001290 194.4589 186.7284  1.00269406 58774
FORMOSAT-3 FM6          
1 29047U 06011A   22006.48640463  .00000225  00000+0  10416-3 0  9998
2 29047  71.9784  30.4818 0049646 164.8584 195.4052 14.28873998822422
FORMOSAT-3 FM1          
1 29048U 06011B   22007.14933431  .00000140  00000+0  71054-4 0  9995
2 29048  71.9672 299.3758 0041943 121.9648 238.5577 14.28841187825008
FORMOSAT-3 FM5          
1 29049U 06011C   22007.04924216  .00000102  00000+0  56418-4 0  9991
2 29049  72.0206 114.4667 0033639 144.5873 215.7507 14.28923390820792
FORMOSAT-3 FM3          
1 29050U 06011D   22006.86275424  .00000191  00000+0  50085-4 0  9994
2 29050  72.0141 202.7361 0049353   9.3866 350.8196 14.59202774839216
FORMOSAT-3 FM4          
1 29051U 06011E   22006.68579269  .00000088  00000+0  49935-4 0  9996
2 29051  72.0051  16.1583 0067374  20.3144 340.0648 14.28955828823302
FORMOSAT-3 FM2          
1 29052U 06011F   22006.64332826  .00000125  00000+0  64836-4 0  9998
2 29052  72.0348  92.1484 0038026 100.8682 259.6738 14.29065092820790
EWS-G1 (GOES 13)        
1 29155U 06018A   22006.88868723  .00000033  00000+0  00000+0 0  9991
2 29155   0.3771 100.5145 0006088 144.6725 242.7482  1.00274407 27114
METOP-A                 
1 29499U 06044A   22006.89947917  .00000194  00000+0  34495-4 0  9993
2 29499  98.4734  46.2245 0199550 153.9575 188.0821 14.66880654786981
DMSP 5D-3 F17 (USA 191) 
1 29522U 06050A   22007.10580474  .00000014  00000+0  30448-4 0  9998
2 29522  98.7751  25.1192 0009789   6.1449 353.9842 14.14063130783102
FENGYUN 3A              
1 32958U 08026A   22007.17250805  .00000009  00000+0  24354-4 0  9992
2 32958  98.4800 336.6043 0009606 125.3004 234.9072 14.18682260705466
FENGYUN 2E              
1 33463U 08066A   22006.69790171 -.00000210  00000+0  00000+0 0  9991
2 33463   5.5481  66.2173 0003791 335.6195  42.4391  1.00268529 47828
NOAA 19                 
1 33591U 09005A   22007.06165878  .00000038  00000+0  45762-4 0  9995
2 33591  99.1674  37.6529 0013020 282.0292  77.9419 14.12520378665661
GOES 14                 
1 35491U 09033A   22006.80351337 -.00000095  00000+0  00000+0 0  9990
2 35491   0.0960 295.1966 0014724 290.7598  65.2425  1.00270616 45887
METEOR-M 1              
1 35865U 09049A   22007.15891679  .00000009  00000+0  23157-4 0  9996
2 35865  98.5068 343.0318 0002175   4.8241 355.2958 14.22298558638764
DMSP 5D-3 F18 (USA 210) 
1 35951U 09057A   22007.15031439  .00000117  00000+0  85024-4 0  9992
2 35951  98.7040 350.6824 0010878 181.3855 178.7289 14.13428707630330
GOES 15                 
1 36411U 10008A   22006.72677098  .00000053  00000+0  00000+0 0  9996
2 36411   0.1194 272.8616 0000408  40.4188 286.3549  1.00267084 43407
COMS 1                  
1 36744U 10032A   22006.99316771 -.00000347  00000+0  00000+0 0  9996
2 36744   0.6708  96.2199 0000882 188.9526 307.0613  1.00274082 42381
FENGYUN 3B              
1 37214U 10059A   22007.18746462  .00000060  00000+0  55485-4 0  9997
2 37214  99.0896  10.3151 0023261  90.2134 270.1706 14.14241400578165
SUOMI NPP               
1 37849U 11061A   22007.07264128  .00000022  00000+0  30896-4 0  9994
2 37849  98.7183 307.9927 0001472  85.7363 335.2082 14.19572283528293
FENGYUN 2F              
1 38049U 12002A   22006.55931182 -.00000362  00000+0  00000+0 0  9993
2 38049   3.4005  80.8916 0005273 355.8731 342.3834  1.00284374    16
METEOSAT-10 (MSG-3)     
1 38552U 12035B   22006.85743991  .00000056  00000+0  00000+0 0  9999
2 38552   1.3242  29.8289 0000492 184.2012 210.1714  1.00274071 34597
METOP-B                 
1 38771U 12049A   22007.15467028  .00000017  00000+0  27746-4 0  9993
2 38771  98.6892  69.3753 0001971 122.2255 291.9818 14.21501376482811
FENGYUN 3C              
1 39260U 13052A   22007.22251852  .00000040  00000+0  41255-4 0  9993
2 39260  98.4748  43.3417 0011647  25.1856 334.9884 14.15893022429100
METEOR-M 2              
1 40069U 14037A   22007.18455369 -.00000007  00000+0  16101-4 0  9996
2 40069  98.4438  32.2479 0006949  74.4592 285.7356 14.20694787388961
HIMAWARI-8              
1 40267U 14060A   22006.85213573 -.00000279  00000+0  00000+0 0  9991
2 40267   0.0181  73.8702 0000610 222.2666 257.6823  1.00271156 26498
FENGYUN 2G              
1 40367U 14090A   22007.05927918 -.00000306  00000+0  00000+0 0  9994
2 40367   1.5332  90.9694 0003183 323.5412 172.8843  1.00280651 25775
METEOSAT-11 (MSG-4)     
1 40732U 15034A   22006.86299398 -.00000010  00000+0  00000+0 0  9993
2 40732   0.2619 323.1038 0000860 123.9928 329.5366  1.00271268 23763
ELEKTRO-L 2             
1 41105U 15074A   22006.89304110 -.00000119  00000+0  00000+0 0  9994
2 41105   2.5836  90.0370 0001761 138.2659 185.1646  1.00271799 22242
HIMAWARI-9              
1 41836U 16064A   22006.85222295 -.00000278  00000+0  00000+0 0  9990
2 41836   0.0432 220.2457 0000432 117.1229 216.5595  1.00270202 18924
GOES 16                 
1 41866U 16071A   22006.52206961 -.00000251  00000+0  00000+0 0  9998
2 41866   0.0767 246.8625 0000802  80.5229 251.4379  1.00270663 18832
FENGYUN 4A              
1 41882U 16077A   22007.06015137 -.00000332  00000+0  00000+0 0  9995
2 41882   0.0289  37.1078 0006172  24.5487 171.1857  1.00272163 18715
CYGFM05                 
1 41884U 16078A   22006.68332636  .00000859  00000+0  46109-4 0  9999
2 41884  34.9557 128.5628 0014879  81.5966 278.6432 15.15409553280220
CYGFM04                 
1 41885U 16078B   22006.72495094  .00000910  00000+0  48048-4 0  9995
2 41885  34.9491 118.4237 0013257  97.8883 262.3333 15.15918294280260
CYGFM02                 
1 41886U 16078C   22006.71808517  .00000901  00000+0  47554-4 0  9994
2 41886  34.9582 120.5959 0013997  92.0551 268.1764 15.15929106280410
CYGFM01                 
1 41887U 16078D   22006.59606968  .00000883  00000+0  47614-4 0  9993
2 41887  34.9523 131.1994 0015311  80.4019 279.8421 15.15187901280165
CYGFM08                 
1 41888U 16078E   22006.69407551  .00000936  00000+0  49750-4 0  9994
2 41888  34.9495 123.9672 0014482  92.3202 267.9168 15.15615414280307
CYGFM06                 
1 41889U 16078F   22006.69976539  .00000941  00000+0  49630-4 0  9995
2 41889  34.9577 119.4177 0012975  91.7064 268.5134 15.15913147280284
CYGFM07                 
1 41890U 16078G   22006.67897886  .00000951  00000+0  50139-4 0  9999
2 41890  34.9517 118.3854 0012721  95.9559 264.2603 15.15907102280260
CYGFM03                 
1 41891U 16078H   22006.61111901  .00000906  00000+0  47888-4 0  9998
2 41891  34.9548 119.2307 0012243  93.3312 266.8800 15.15902519280248
FENGYUN 3D              
1 43010U 17072A   22007.18411395 -.00000002  00000+0  20380-4 0  9997
2 43010  98.7982 312.7469 0002403  29.4739 330.6582 14.19176268214894
NOAA 20                 
1 43013U 17073A   22007.09475423  .00000023  00000+0  31535-4 0  9999
2 43013  98.7423 307.8166 0001265  97.3127 262.8193 14.19567559214336
GOES 17                 
1 43226U 18022A   22006.72493941  .00000095  00000+0  00000+0 0  9991
2 43226   0.0558 229.9140 0000387  49.6967 310.3993  1.00272146 14155
FENGYUN 2H              
1 43491U 18050A   22007.12696059 -.00000127  00000+0  00000+0 0  9993
2 43491   0.7455 101.0943 0003125  43.2381  87.0059  1.00267614 13240
METOP-C                 
1 43689U 18087A   22007.11062593  .00000011  00000+0  25023-4 0  9999
2 43689  98.7089  69.5012 0003674 134.7064 225.4413 14.21487872164388
GEO-KOMPSAT-2A          
1 43823U 18100A   22006.71021495 -.00000347  00000+0  00000+0 0  9992
2 43823   0.0406 179.2731 0000518 242.9951  67.8970  1.00273605 11359
METEOR-M2 2             
1 44387U 19038A   22007.14257193 -.00000027  00000+0  73747-5 0  9992
2 44387  98.7001 329.4191 0002146  50.2967 309.8409 14.23696506130452
FENGYUN 3E              
1 49008U 21062A   22007.05877112 -.00000025  00000+0  86480-5 0  9992
2 49008  98.7072  11.5838 0003005  98.8289 261.3233 14.19817448 26414
NOAA 15                 
1 25338U 98030A   22007.12005873  .00000022  00000+0  27747-4 0  9992
2 25338  98.6627  38.6168 0011134  51.7348 308.4832 14.26080815230278
DMSP 5D-3 F15 (USA 147) 
1 25991U 99067A   22006.93123737  .00000039  00000+0  42955-4 0  9992
2 25991  99.0391 355.8670 0009277 289.2388 124.7173 14.16489605140901
METEOSAT-8 (MSG-1)      
1 27509U 02040B   22006.82013757  .00000129  00000+0  00000+0 0  9992
2 27509   7.7418  51.5093 0000494 211.6645 179.9235  1.00277361 70995
DMSP 5D-3 F16 (USA 172) 
1 28054U 03048A   22007.15409808 -.00000027  00000+0  97816-5 0  9995
2 28054  98.9745 357.2530 0008175  57.6157  15.0845 14.13647373940230
NOAA 18                 
1 28654U 05018A   22007.14916499  .00000088  00000+0  71471-4 0  9992
2 28654  98.9707  77.5776 0015054  69.3931 290.8854 14.12674556857290
METEOSAT-9 (MSG-2)      
1 28912U 05049B   22006.94082257  .00000010  00000+0  00000+0 0  9996
2 28912   5.6585  67.3129 0001290 194.4589 186.7284  1.00269406 58774
FORMOSAT-3 FM6          
1 29047U 06011A   22006.48640463  .00000225  00000+0  10416-3 0  9998
2 29047  71.9784  30.4818 0049646 164.8584 195.4052 14.28873998822422
FORMOSAT-3 FM1          
1 29048U 06011B   22007.14933431  .00000140  00000+0  71054-4 0  9995
2 29048  71.9672 299.3758 0041943 121.9648 238.5577 14.28841187825008
FORMOSAT-3 FM5          
1 29049U 06011C   22007.04924216  .00000102  00000+0  56418-4 0  9991
2 29049  72.0206 114.4667 0033639 144.5873 215.7507 14.28923390820792
FORMOSAT-3 FM3          
1 29050U 06011D   22006.86275424  .00000191  00000+0  50085-4 0  9994
2 29050  72.0141 202.7361 0049353   9.3866 350.8196 14.59202774839216
FORMOSAT-3 FM4          
1 29051U 06011E   22006.68579269  .00000088  00000+0  49935-4 0  9996
2 29051  72.0051  16.1583 0067374  20.3144 340.0648 14.28955828823302
FORMOSAT-3 FM2          
1 29052U 06011F   22006.64332826  .00000125  00000+0  64836-4 0  9998
2 29052  72.0348  92.1484 0038026 100.8682 259.6738 14.29065092820790
EWS-G1 (GOES 13)        
1 29155U 06018A   22006.88868723  .00000033  00000+0  00000+0 0  9991
2 29155   0.3771 100.5145 0006088 144.6725 242.7482  1.00274407 27114
METOP-A                 
1 29499U 06044A   22006.89947917  .00000194  00000+0  34495-4 0  9993
2 29499  98.4734  46.2245 0199550 153.9575 188.0821 14.66880654786981
DMSP 5D-3 F17 (USA 191) 
1 29522U 06050A   22007.10580474  .00000014  00000+0  30448-4 0  9998
2 29522  98.7751  25.1192 0009789   6.1449 353.9842 14.14063130783102
FENGYUN 3A              
1 32958U 08026A   22007.17250805  .00000009  00000+0  24354-4 0  9992
2 32958  98.4800 336.6043 0009606 125.3004 234.9072 14.18682260705466
FENGYUN 2E              
1 33463U 08066A   22006.69790171 -.00000210  00000+0  00000+0 0  9991
2 33463   5.5481  66.2173 0003791 335.6195  42.4391  1.00268529 47828
NOAA 19                 
1 33591U 09005A   22007.06165878  .00000038  00000+0  45762-4 0  9995
2 33591  99.1674  37.6529 0013020 282.0292  77.9419 14.12520378665661
GOES 14                 
1 35491U 09033A   22006.80351337 -.00000095  00000+0  00000+0 0  9990
2 35491   0.0960 295.1966 0014724 290.7598  65.2425  1.00270616 45887
METEOR-M 1              
1 35865U 09049A   22007.15891679  .00000009  00000+0  23157-4 0  9996
2 35865  98.5068 343.0318 0002175   4.8241 355.2958 14.22298558638764
DMSP 5D-3 F18 (USA 210) 
1 35951U 09057A   22007.15031439  .00000117  00000+0  85024-4 0  9992
2 35951  98.7040 350.6824 0010878 181.3855 178.7289 14.13428707630330
GOES 15                 
1 36411U 10008A   22006.72677098  .00000053  00000+0  00000+0 0  9996
2 36411   0.1194 272.8616 0000408  40.4188 286.3549  1.00267084 43407
COMS 1                  
1 36744U 10032A   22006.99316771 -.00000347  00000+0  00000+0 0  9996
2 36744   0.6708  96.2199 0000882 188.9526 307.0613  1.00274082 42381
FENGYUN 3B              
1 37214U 10059A   22007.18746462  .00000060  00000+0  55485-4 0  9997
2 37214  99.0896  10.3151 0023261  90.2134 270.1706 14.14241400578165
SUOMI NPP               
1 37849U 11061A   22007.07264128  .00000022  00000+0  30896-4 0  9994
2 37849  98.7183 307.9927 0001472  85.7363 335.2082 14.19572283528293
FENGYUN 2F              
1 38049U 12002A   22006.55931182 -.00000362  00000+0  00000+0 0  9993
2 38049   3.4005  80.8916 0005273 355.8731 342.3834  1.00284374    16
METEOSAT-10 (MSG-3)     
1 38552U 12035B   22006.85743991  .00000056  00000+0  00000+0 0  9999
2 38552   1.3242  29.8289 0000492 184.2012 210.1714  1.00274071 34597
METOP-B                 
1 38771U 12049A   22007.15467028  .00000017  00000+0  27746-4 0  9993
2 38771  98.6892  69.3753 0001971 122.2255 291.9818 14.21501376482811
FENGYUN 3C              
1 39260U 13052A   22007.22251852  .00000040  00000+0  41255-4 0  9993
2 39260  98.4748  43.3417 0011647  25.1856 334.9884 14.15893022429100
METEOR-M 2              
1 40069U 14037A   22007.18455369 -.00000007  00000+0  16101-4 0  9996
2 40069  98.4438  32.2479 0006949  74.4592 285.7356 14.20694787388961
HIMAWARI-8              
1 40267U 14060A   22006.85213573 -.00000279  00000+0  00000+0 0  9991
2 40267   0.0181  73.8702 0000610 222.2666 257.6823  1.00271156 26498
FENGYUN 2G              
1 40367U 14090A   22007.05927918 -.00000306  00000+0  00000+0 0  9994
2 40367   1.5332  90.9694 0003183 323.5412 172.8843  1.00280651 25775
METEOSAT-11 (MSG-4)     
1 40732U 15034A   22006.86299398 -.00000010  00000+0  00000+0 0  9993
2 40732   0.2619 323.1038 0000860 123.9928 329.5366  1.00271268 23763
ELEKTRO-L 2             
1 41105U 15074A   22006.89304110 -.00000119  00000+0  00000+0 0  9994
2 41105   2.5836  90.0370 0001761 138.2659 185.1646  1.00271799 22242
HIMAWARI-9              
1 41836U 16064A   22006.85222295 -.00000278  00000+0  00000+0 0  9990
2 41836   0.0432 220.2457 0000432 117.1229 216.5595  1.00270202 18924
GOES 16                 
1 41866U 16071A   22006.52206961 -.00000251  00000+0  00000+0 0  9998
2 41866   0.0767 246.8625 0000802  80.5229 251.4379  1.00270663 18832
FENGYUN 4A              
1 41882U 16077A   22007.06015137 -.00000332  00000+0  00000+0 0  9995
2 41882   0.0289  37.1078 0006172  24.5487 171.1857  1.00272163 18715
CYGFM05                 
1 41884U 16078A   22006.68332636  .00000859  00000+0  46109-4 0  9999
2 41884  34.9557 128.5628 0014879  81.5966 278.6432 15.15409553280220
CYGFM04                 
1 41885U 16078B   22006.72495094  .00000910  00000+0  48048-4 0  9995
2 41885  34.9491 118.4237 0013257  97.8883 262.3333 15.15918294280260
CYGFM02                 
1 41886U 16078C   22006.71808517  .00000901  00000+0  47554-4 0  9994
2 41886  34.9582 120.5959 0013997  92.0551 268.1764 15.15929106280410
CYGFM01                 
1 41887U 16078D   22006.59606968  .00000883  00000+0  47614-4 0  9993
2 41887  34.9523 131.1994 0015311  80.4019 279.8421 15.15187901280165
CYGFM08                 
1 41888U 16078E   22006.69407551  .00000936  00000+0  49750-4 0  9994
2 41888  34.9495 123.9672 0014482  92.3202 267.9168 15.15615414280307
CYGFM06                 
1 41889U 16078F   22006.69976539  .00000941  00000+0  49630-4 0  9995
2 41889  34.9577 119.4177 0012975  91.7064 268.5134 15.15913147280284
CYGFM07                 
1 41890U 16078G   22006.67897886  .00000951  00000+0  50139-4 0  9999
2 41890  34.9517 118.3854 0012721  95.9559 264.2603 15.15907102280260
CYGFM03                 
1 41891U 16078H   22006.61111901  .00000906  00000+0  47888-4 0  9998
2 41891  34.9548 119.2307 0012243  93.3312 266.8800 15.15902519280248
FENGYUN 3D              
1 43010U 17072A   22007.18411395 -.00000002  00000+0  20380-4 0  9997
2 43010  98.7982 312.7469 0002403  29.4739 330.6582 14.19176268214894
NOAA 20                 
1 43013U 17073A   22007.09475423  .00000023  00000+0  31535-4 0  9999
2 43013  98.7423 307.8166 0001265  97.3127 262.8193 14.19567559214336
GOES 17                 
1 43226U 18022A   22006.72493941  .00000095  00000+0  00000+0 0  9991
2 43226   0.0558 229.9140 0000387  49.6967 310.3993  1.00272146 14155
FENGYUN 2H              
1 43491U 18050A   22007.12696059 -.00000127  00000+0  00000+0 0  9993
2 43491   0.7455 101.0943 0003125  43.2381  87.0059  1.00267614 13240
METOP-C                 
1 43689U 18087A   22007.11062593  .00000011  00000+0  25023-4 0  9999
2 43689  98.7089  69.5012 0003674 134.7064 225.4413 14.21487872164388
GEO-KOMPSAT-2A          
1 43823U 18100A   22006.71021495 -.00000347  00000+0  00000+0 0  9992
2 43823   0.0406 179.2731 0000518 242.9951  67.8970  1.00273605 11359
METEOR-M2 2             
1 44387U 19038A   22007.14257193 -.00000027  00000+0  73747-5 0  9992
2 44387  98.7001 329.4191 0002146  50.2967 309.8409 14.23696506130452
FENGYUN 3E              
1 49008U 21062A   22007.05877112 -.00000025  00000+0  86480-5 0  9992
2 49008  98.7072  11.5838 0003005  98.8289 261.3233 14.19817448 26414
NOAA 15                 
1 25338U 98030A   22007.12005873  .00000022  00000+0  27747-4 0  9992
2 25338  98.6627  38.6168 0011134  51.7348 308.4832 14.26080815230278
DMSP 5D-3 F15 (USA 147) 
1 25991U 99067A   22006.93123737  .00000039  00000+0  42955-4 0  9992
2 25991  99.0391 355.8670 0009277 289.2388 124.7173 14.16489605140901
METEOSAT-8 (MSG-1)      
1 27509U 02040B   22006.82013757  .00000129  00000+0  00000+0 0  9992
2 27509   7.7418  51.5093 0000494 211.6645 179.9235  1.00277361 70995
DMSP 5D-3 F16 (USA 172) 
1 28054U 03048A   22007.15409808 -.00000027  00000+0  97816-5 0  9995
2 28054  98.9745 357.2530 0008175  57.6157  15.0845 14.13647373940230
NOAA 18                 
1 28654U 05018A   22007.14916499  .00000088  00000+0  71471-4 0  9992
2 28654  98.9707  77.5776 0015054  69.3931 290.8854 14.12674556857290
METEOSAT-9 (MSG-2)      
1 28912U 05049B   22006.94082257  .00000010  00000+0  00000+0 0  9996
2 28912   5.6585  67.3129 0001290 194.4589 186.7284  1.00269406 58774
FORMOSAT-3 FM6          
1 29047U 06011A   22006.48640463  .00000225  00000+0  10416-3 0  9998
2 29047  71.9784  30.4818 0049646 164.8584 195.4052 14.28873998822422
FORMOSAT-3 FM1          
1 29048U 06011B   22007.14933431  .00000140  00000+0  71054-4 0  9995
2 29048  71.9672 299.3758 0041943 121.9648 238.5577 14.28841187825008
FORMOSAT-3 FM5          
1 29049U 06011C   22007.04924216  .00000102  00000+0  56418-4 0  9991
2 29049  72.0206 114.4667 0033639 144.5873 215.7507 14.28923390820792
FORMOSAT-3 FM3          
1 29050U 06011D   22006.86275424  .00000191  00000+0  50085-4 0  9994
2 29050  72.0141 202.7361 0049353   9.3866 350.8196 14.59202774839216
FORMOSAT-3 FM4          
1 29051U 06011E   22006.68579269  .00000088  00000+0  49935-4 0  9996
2 29051  72.0051  16.1583 0067374  20.3144 340.0648 14.28955828823302
FORMOSAT-3 FM2          
1 29052U 06011F   22006.64332826  .00000125  00000+0  64836-4 0  9998
2 29052  72.0348  92.1484 0038026 100.8682 259.6738 14.29065092820790
EWS-G1 (GOES 13)        
1 29155U 06018A   22006.88868723  .00000033  00000+0  00000+0 0  9991
2 29155   0.3771 100.5145 0006088 144.6725 242.7482  1.00274407 27114
METOP-A                 
1 29499U 06044A   22006.89947917  .00000194  00000+0  34495-4 0  9993
2 29499  98.4734  46.2245 0199550 153.9575 188.0821 14.66880654786981
DMSP 5D-3 F17 (USA 191) 
1 29522U 06050A   22007.10580474  .00000014  00000+0  30448-4 0  9998
2 29522  98.7751  25.1192 0009789   6.1449 353.9842 14.14063130783102
FENGYUN 3A              
1 32958U 08026A   22007.17250805  .00000009  00000+0  24354-4 0  9992
2 32958  98.4800 336.6043 0009606 125.3004 234.9072 14.18682260705466
FENGYUN 2E              
1 33463U 08066A   22006.69790171 -.00000210  00000+0  00000+0 0  9991
2 33463   5.5481  66.2173 0003791 335.6195  42.4391  1.00268529 47828
NOAA 19                 
1 33591U 09005A   22007.06165878  .00000038  00000+0  45762-4 0  9995
2 33591  99.1674  37.6529 0013020 282.0292  77.9419 14.12520378665661
GOES 14                 
1 35491U 09033A   22006.80351337 -.00000095  00000+0  00000+0 0  9990
2 35491   0.0960 295.1966 0014724 290.7598  65.2425  1.00270616 45887
METEOR-M 1              
1 35865U 09049A   22007.15891679  .00000009  00000+0  23157-4 0  9996
2 35865  98.5068 343.0318 0002175   4.8241 355.2958 14.22298558638764
DMSP 5D-3 F18 (USA 210) 
1 35951U 09057A   22007.15031439  .00000117  00000+0  85024-4 0  9992
2 35951  98.7040 350.6824 0010878 181.3855 178.7289 14.13428707630330
GOES 15                 
1 36411U 10008A   22006.72677098  .00000053  00000+0  00000+0 0  9996
2 36411   0.1194 272.8616 0000408  40.4188 286.3549  1.00267084 43407
COMS 1                  
1 36744U 10032A   22006.99316771 -.00000347  00000+0  00000+0 0  9996
2 36744   0.6708  96.2199 0000882 188.9526 307.0613  1.00274082 42381
FENGYUN 3B              
1 37214U 10059A   22007.18746462  .00000060  00000+0  55485-4 0  9997
2 37214  99.0896  10.3151 0023261  90.2134 270.1706 14.14241400578165
SUOMI NPP               
1 37849U 11061A   22007.07264128  .00000022  00000+0  30896-4 0  9994
2 37849  98.7183 307.9927 0001472  85.7363 335.2082 14.19572283528293
FENGYUN 2F              
1 38049U 12002A   22006.55931182 -.00000362  00000+0  00000+0 0  9993
2 38049   3.4005  80.8916 0005273 355.8731 342.3834  1.00284374    16
METEOSAT-10 (MSG-3)     
1 38552U 12035B   22006.85743991  .00000056  00000+0  00000+0 0  9999
2 38552   1.3242  29.8289 0000492 184.2012 210.1714  1.00274071 34597
METOP-B                 
1 38771U 12049A   22007.15467028  .00000017  00000+0  27746-4 0  9993
2 38771  98.6892  69.3753 0001971 122.2255 291.9818 14.21501376482811
FENGYUN 3C              
1 39260U 13052A   22007.22251852  .00000040  00000+0  41255-4 0  9993
2 39260  98.4748  43.3417 0011647  25.1856 334.9884 14.15893022429100
METEOR-M 2              
1 40069U 14037A   22007.18455369 -.00000007  00000+0  16101-4 0  9996
2 40069  98.4438  32.2479 0006949  74.4592 285.7356 14.20694787388961
HIMAWARI-8              
1 40267U 14060A   22006.85213573 -.00000279  00000+0  00000+0 0  9991
2 40267   0.0181  73.8702 0000610 222.2666 257.6823  1.00271156 26498
FENGYUN 2G              
1 40367U 14090A   22007.05927918 -.00000306  00000+0  00000+0 0  9994
2 40367   1.5332  90.9694 0003183 323.5412 172.8843  1.00280651 25775
METEOSAT-11 (MSG-4)     
1 40732U 15034A   22006.86299398 -.00000010  00000+0  00000+0 0  9993
2 40732   0.2619 323.1038 0000860 123.9928 329.5366  1.00271268 23763
ELEKTRO-L 2             
1 41105U 15074A   22006.89304110 -.00000119  00000+0  00000+0 0  9994
2 41105   2.5836  90.0370 0001761 138.2659 185.1646  1.00271799 22242
HIMAWARI-9              
1 41836U 16064A   22006.85222295 -.00000278  00000+0  00000+0 0  9990
2 41836   0.0432 220.2457 0000432 117.1229 216.5595  1.00270202 18924
GOES 16                 
1 41866U 16071A   22006.52206961 -.00000251  00000+0  00000+0 0  9998
2 41866   0.0767 246.8625 0000802  80.5229 251.4379  1.00270663 18832
FENGYUN 4A              
1 41882U 16077A   22007.06015137 -.00000332  00000+0  00000+0 0  9995
2 41882   0.0289  37.1078 0006172  24.5487 171.1857  1.00272163 18715
CYGFM05                 
1 41884U 16078A   22006.68332636  .00000859  00000+0  46109-4 0  9999
2 41884  34.9557 128.5628 0014879  81.5966 278.6432 15.15409553280220
CYGFM04                 
1 41885U 16078B   22006.72495094  .00000910  00000+0  48048-4 0  9995
2 41885  34.9491 118.4237 0013257  97.8883 262.3333 15.15918294280260
CYGFM02                 
1 41886U 16078C   22006.71808517  .00000901  00000+0  47554-4 0  9994
2 41886  34.9582 120.5959 0013997  92.0551 268.1764 15.15929106280410
CYGFM01                 
1 41887U 16078D   22006.59606968  .00000883  00000+0  47614-4 0  9993
2 41887  34.9523 131.1994 0015311  80.4019 279.8421 15.15187901280165
CYGFM08                 
1 41888U 16078E   22006.69407551  .00000936  00000+0  49750-4 0  9994
2 41888  34.9495 123.9672 0014482  92.3202 267.9168 15.15615414280307
CYGFM06                 
1 41889U 16078F   22006.69976539  .00000941  00000+0  49630-4 0  9995
2 41889  34.9577 119.4177 0012975  91.7064 268.5134 15.15913147280284
CYGFM07                 
1 41890U 16078G   22006.67897886  .00000951  00000+0  50139-4 0  9999
2 41890  34.9517 118.3854 0012721  95.9559 264.2603 15.15907102280260
CYGFM03                 
1 41891U 16078H   22006.61111901  .00000906  00000+0  47888-4 0  9998
2 41891  34.9548 119.2307 0012243  93.3312 266.8800 15.15902519280248
FENGYUN 3D              
1 43010U 17072A   22007.18411395 -.00000002  00000+0  20380-4 0  9997
2 43010  98.7982 312.7469 0002403  29.4739 330.6582 14.19176268214894
NOAA 20                 
1 43013U 17073A   22007.09475423  .00000023  00000+0  31535-4 0  9999
2 43013  98.7423 307.8166 0001265  97.3127 262.8193 14.19567559214336
GOES 17                 
1 43226U 18022A   22006.72493941  .00000095  00000+0  00000+0 0  9991
2 43226   0.0558 229.9140 0000387  49.6967 310.3993  1.00272146 14155
FENGYUN 2H              
1 43491U 18050A   22007.12696059 -.00000127  00000+0  00000+0 0  9993
2 43491   0.7455 101.0943 0003125  43.2381  87.0059  1.00267614 13240
METOP-C                 
1 43689U 18087A   22007.11062593  .00000011  00000+0  25023-4 0  9999
2 43689  98.7089  69.5012 0003674 134.7064 225.4413 14.21487872164388
GEO-KOMPSAT-2A          
1 43823U 18100A   22006.71021495 -.00000347  00000+0  00000+0 0  9992
2 43823   0.0406 179.2731 0000518 242.9951  67.8970  1.00273605 11359
METEOR-M2 2             
1 44387U 19038A   22007.14257193 -.00000027  00000+0  73747-5 0  9992
2 44387  98.7001 329.4191 0002146  50.2967 309.8409 14.23696506130452
FENGYUN 3E              
1 49008U 21062A   22007.05877112 -.00000025  00000+0  86480-5 0  9992
2 49008  98.7072  11.5838 0003005  98.8289 261.3233 14.19817448 26414
NOAA 15                 
1 25338U 98030A   22007.12005873  .00000022  00000+0  27747-4 0  9992
2 25338  98.6627  38.6168 0011134  51.7348 308.4832 14.26080815230278
DMSP 5D-3 F15 (USA 147) 
1 25991U 99067A   22006.93123737  .00000039  00000+0  42955-4 0  9992
2 25991  99.0391 355.8670 0009277 289.2388 124.7173 14.16489605140901
METEOSAT-8 (MSG-1)      
1 27509U 02040B   22006.82013757  .00000129  00000+0  00000+0 0  9992
2 27509   7.7418  51.5093 0000494 211.6645 179.9235  1.00277361 70995
DMSP 5D-3 F16 (USA 172) 
1 28054U 03048A   22007.15409808 -.00000027  00000+0  97816-5 0  9995
2 28054  98.9745 357.2530 0008175  57.6157  15.0845 14.13647373940230
NOAA 18                 
1 28654U 05018A   22007.14916499  .00000088  00000+0  71471-4 0  9992
2 28654  98.9707  77.5776 0015054  69.3931 290.8854 14.12674556857290
METEOSAT-9 (MSG-2)      
1 28912U 05049B   22006.94082257  .00000010  00000+0  00000+0 0  9996
2 28912   5.6585  67.3129 0001290 194.4589 186.7284  1.00269406 58774
FORMOSAT-3 FM6          
1 29047U 06011A   22006.48640463  .00000225  00000+0  10416-3 0  9998
2 29047  71.9784  30.4818 0049646 164.8584 195.4052 14.28873998822422
FORMOSAT-3 FM1          
1 29048U 06011B   22007.14933431  .00000140  00000+0  71054-4 0  9995
2 29048  71.9672 299.3758 0041943 121.9648 238.5577 14.28841187825008
FORMOSAT-3 FM5          
1 29049U 06011C   22007.04924216  .00000102  00000+0  56418-4 0  9991
2 29049  72.0206 114.4667 0033639 144.5873 215.7507 14.28923390820792
FORMOSAT-3 FM3          
1 29050U 06011D   22006.86275424  .00000191  00000+0  50085-4 0  9994
2 29050  72.0141 202.7361 0049353   9.3866 350.8196 14.59202774839216
FORMOSAT-3 FM4          
1 29051U 06011E   22006.68579269  .00000088  00000+0  49935-4 0  9996
2 29051  72.0051  16.1583 0067374  20.3144 340.0648 14.28955828823302
FORMOSAT-3 FM2          
1 29052U 06011F   22006.64332826  .00000125  00000+0  64836-4 0  9998
2 29052  72.0348  92.1484 0038026 100.8682 259.6738 14.29065092820790
EWS-G1 (GOES 13)        
1 29155U 06018A   22006.88868723  .00000033  00000+0  00000+0 0  9991
2 29155   0.3771 100.5145 0006088 144.6725 242.7482  1.00274407 27114
METOP-A                 
1 29499U 06044A   22006.89947917  .00000194  00000+0  34495-4 0  9993
2 29499  98.4734  46.2245 0199550 153.9575 188.0821 14.66880654786981
DMSP 5D-3 F17 (USA 191) 
1 29522U 06050A   22007.10580474  .00000014  00000+0  30448-4 0  9998
2 29522  98.7751  25.1192 0009789   6.1449 353.9842 14.14063130783102
FENGYUN 3A              
1 32958U 08026A   22007.17250805  .00000009  00000+0  24354-4 0  9992
2 32958  98.4800 336.6043 0009606 125.3004 234.9072 14.18682260705466
FENGYUN 2E              
1 33463U 08066A   22006.69790171 -.00000210  00000+0  00000+0 0  9991
2 33463   5.5481  66.2173 0003791 335.6195  42.4391  1.00268529 47828
NOAA 19                 
1 33591U 09005A   22007.06165878  .00000038  00000+0  45762-4 0  9995
2 33591  99.1674  37.6529 0013020 282.0292  77.9419 14.12520378665661
GOES 14                 
1 35491U 09033A   22006.80351337 -.00000095  00000+0  00000+0 0  9990
2 35491   0.0960 295.1966 0014724 290.7598  65.2425  1.00270616 45887
METEOR-M 1              
1 35865U 09049A   22007.15891679  .00000009  00000+0  23157-4 0  9996
2 35865  98.5068 343.0318 0002175   4.8241 355.2958 14.22298558638764
DMSP 5D-3 F18 (USA 210) 
1 35951U 09057A   22007.15031439  .00000117  00000+0  85024-4 0  9992
2 35951  98.7040 350.6824 0010878 181.3855 178.7289 14.13428707630330
GOES 15                 
1 36411U 10008A   22006.72677098  .00000053  00000+0  00000+0 0  9996
2 36411   0.1194 272.8616 0000408  40.4188 286.3549  1.00267084 43407
COMS 1                  
1 36744U 10032A   22006.99316771 -.00000347  00000+0  00000+0 0  9996
2 36744   0.6708  96.2199 0000882 188.9526 307.0613  1.00274082 42381
FENGYUN 3B              
1 37214U 10059A   22007.18746462  .00000060  00000+0  55485-4 0  9997
2 37214  99.0896  10.3151 0023261  90.2134 270.1706 14.14241400578165
SUOMI NPP               
1 37849U 11061A   22007.07264128  .00000022  00000+0  30896-4 0  9994
2 37849  98.7183 307.9927 0001472  85.7363 335.2082 14.19572283528293
FENGYUN 2F              
1 38049U 12002A   22006.55931182 -.00000362  00000+0  00000+0 0  9993
2 38049   3.4005  80.8916 0005273 355.8731 342.3834  1.00284374    16
METEOSAT-10 (MSG-3)     
1 38552U 12035B   22006.85743991  .00000056  00000+0  00000+0 0  9999
2 38552   1.3242  29.8289 0000492 184.2012 210.1714  1.00274071 34597
METOP-B                 
1 38771U 12049A   22007.15467028  .00000017  00000+0  27746-4 0  9993
2 38771  98.6892  69.3753 0001971 122.2255 291.9818 14.21501376482811
FENGYUN 3C              
1 39260U 13052A   22007.22251852  .00000040  00000+0  41255-4 0  9993
2 39260  98.4748  43.3417 0011647  25.1856 334.9884 14.15893022429100
METEOR-M 2              
1 40069U 14037A   22007.18455369 -.00000007  00000+0  16101-4 0  9996
2 40069  98.4438  32.2479 0006949  74.4592 285.7356 14.20694787388961
HIMAWARI-8              
1 40267U 14060A   22006.85213573 -.00000279  00000+0  00000+0 0  9991
2 40267   0.0181  73.8702 0000610 222.2666 257.6823  1.00271156 26498
FENGYUN 2G              
1 40367U 14090A   22007.05927918 -.00000306  00000+0  00000+0 0  9994
2 40367   1.5332  90.9694 0003183 323.5412 172.8843  1.00280651 25775
METEOSAT-11 (MSG-4)     
1 40732U 15034A   22006.86299398 -.00000010  00000+0  00000+0 0  9993
2 40732   0.2619 323.1038 0000860 123.9928 329.5366  1.00271268 23763
ELEKTRO-L 2             
1 41105U 15074A   22006.89304110 -.00000119  00000+0  00000+0 0  9994
2 41105   2.5836  90.0370 0001761 138.2659 185.1646  1.00271799 22242
HIMAWARI-9              
1 41836U 16064A   22006.85222295 -.00000278  00000+0  00000+0 0  9990
2 41836   0.0432 220.2457 0000432 117.1229 216.5595  1.00270202 18924
GOES 16                 
1 41866U 16071A   22006.52206961 -.00000251  00000+0  00000+0 0  9998
2 41866   0.0767 246.8625 0000802  80.5229 251.4379  1.00270663 18832
FENGYUN 4A              
1 41882U 16077A   22007.06015137 -.00000332  00000+0  00000+0 0  9995
2 41882   0.0289  37.1078 0006172  24.5487 171.1857  1.00272163 18715
CYGFM05                 
1 41884U 16078A   22006.68332636  .00000859  00000+0  46109-4 0  9999
2 41884  34.9557 128.5628 0014879  81.5966 278.6432 15.15409553280220
CYGFM04                 
1 41885U 16078B   22006.72495094  .00000910  00000+0  48048-4 0  9995
2 41885  34.9491 118.4237 0013257  97.8883 262.3333 15.15918294280260
CYGFM02                 
1 41886U 16078C   22006.71808517  .00000901  00000+0  47554-4 0  9994
2 41886  34.9582 120.5959 0013997  92.0551 268.1764 15.15929106280410
CYGFM01                 
1 41887U 16078D   22006.59606968  .00000883  00000+0  47614-4 0  9993
2 41887  34.9523 131.1994 0015311  80.4019 279.8421 15.15187901280165
CYGFM08                 
1 41888U 16078E   22006.69407551  .00000936  00000+0  49750-4 0  9994
2 41888  34.9495 123.9672 0014482  92.3202 267.9168 15.15615414280307
CYGFM06                 
1 41889U 16078F   22006.69976539  .00000941  00000+0  49630-4 0  9995
2 41889  34.9577 119.4177 0012975  91.7064 268.5134 15.15913147280284
CYGFM07                 
1 41890U 16078G   22006.67897886  .00000951  00000+0  50139-4 0  9999
2 41890  34.9517 118.3854 0012721  95.9559 264.2603 15.15907102280260
CYGFM03                 
1 41891U 16078H   22006.61111901  .00000906  00000+0  47888-4 0  9998
2 41891  34.9548 119.2307 0012243  93.3312 266.8800 15.15902519280248
FENGYUN 3D              
1 43010U 17072A   22007.18411395 -.00000002  00000+0  20380-4 0  9997
2 43010  98.7982 312.7469 0002403  29.4739 330.6582 14.19176268214894
NOAA 20                 
1 43013U 17073A   22007.09475423  .00000023  00000+0  31535-4 0  9999
2 43013  98.7423 307.8166 0001265  97.3127 262.8193 14.19567559214336
GOES 17                 
1 43226U 18022A   22006.72493941  .00000095  00000+0  00000+0 0  9991
2 43226   0.0558 229.9140 0000387  49.6967 310.3993  1.00272146 14155
FENGYUN 2H              
1 43491U 18050A   22007.12696059 -.00000127  00000+0  00000+0 0  9993
2 43491   0.7455 101.0943 0003125  43.2381  87.0059  1.00267614 13240
METOP-C                 
1 43689U 18087A   22007.11062593  .00000011  00000+0  25023-4 0  9999
2 43689  98.7089  69.5012 0003674 134.7064 225.4413 14.21487872164388
GEO-KOMPSAT-2A          
1 43823U 18100A   22006.71021495 -.00000347  00000+0  00000+0 0  9992
2 43823   0.0406 179.2731 0000518 242.9951  67.8970  1.00273605 11359
METEOR-M2 2             
1 44387U 19038A   22007.14257193 -.00000027  00000+0  73747-5 0  9992
2 44387  98.7001 329.4191 0002146  50.2967 309.8409 14.23696506130452
FENGYUN 3E              
1 49008U 21062A   22007.05877112 -.00000025  00000+0  86480-5 0  9992
2 49008  98.7072  11.5838 0003005  98.8289 261.3233 14.19817448 26414
NOAA 15                 
1 25338U 98030A   22007.12005873  .00000022  00000+0  27747-4 0  9992
2 25338  98.6627  38.6168 0011134  51.7348 308.4832 14.26080815230278
DMSP 5D-3 F15 (USA 147) 
1 25991U 99067A   22006.93123737  .00000039  00000+0  42955-4 0  9992
2 25991  99.0391 355.8670 0009277 289.2388 124.7173 14.16489605140901
METEOSAT-8 (MSG-1)      
1 27509U 02040B   22006.82013757  .00000129  00000+0  00000+0 0  9992
2 27509   7.7418  51.5093 0000494 211.6645 179.9235  1.00277361 70995
DMSP 5D-3 F16 (USA 172) 
1 28054U 03048A   22007.15409808 -.00000027  00000+0  97816-5 0  9995
2 28054  98.9745 357.2530 0008175  57.6157  15.0845 14.13647373940230
NOAA 18                 
1 28654U 05018A   22007.14916499  .00000088  00000+0  71471-4 0  9992
2 28654  98.9707  77.5776 0015054  69.3931 290.8854 14.12674556857290
METEOSAT-9 (MSG-2)      
1 28912U 05049B   22006.94082257  .00000010  00000+0  00000+0 0  9996
2 28912   5.6585  67.3129 0001290 194.4589 186.7284  1.00269406 58774
FORMOSAT-3 FM6          
1 29047U 06011A   22006.48640463  .00000225  00000+0  10416-3 0  9998
2 29047  71.9784  30.4818 0049646 164.8584 195.4052 14.28873998822422
FORMOSAT-3 FM1          
1 29048U 06011B   22007.14933431  .00000140  00000+0  71054-4 0  9995
2 29048  71.9672 299.3758 0041943 121.9648 238.5577 14.28841187825008
FORMOSAT-3 FM5          
1 29049U 06011C   22007.04924216  .00000102  00000+0  56418-4 0  9991
2 29049  72.0206 114.4667 0033639 144.5873 215.7507 14.28923390820792
FORMOSAT-3 FM3          
1 29050U 06011D   22006.86275424  .00000191  00000+0  50085-4 0  9994
2 29050  72.0141 202.7361 0049353   9.3866 350.8196 14.59202774839216
FORMOSAT-3 FM4          
1 29051U 06011E   22006.68579269  .00000088  00000+0  49935-4 0  9996
2 29051  72.0051  16.1583 0067374  20.3144 340.0648 14.28955828823302
FORMOSAT-3 FM2          
1 29052U 06011F   22006.64332826  .00000125  00000+0  64836-4 0  9998
2 29052  72.0348  92.1484 0038026 100.8682 259.6738 14.29065092820790
EWS-G1 (GOES 13)        
1 29155U 06018A   22006.88868723  .00000033  00000+0  00000+0 0  9991
2 29155   0.3771 100.5145 0006088 144.6725 242.7482  1.00274407 27114
METOP-A                 
1 29499U 06044A   22006.89947917  .00000194  00000+0  34495-4 0  9993
2 29499  98.4734  46.2245 0199550 153.9575 188.0821 14.66880654786981
DMSP 5D-3 F17 (USA 191) 
1 29522U 06050A   22007.10580474  .00000014  00000+0  30448-4 0  9998
2 29522  98.7751  25.1192 0009789   6.1449 353.9842 14.14063130783102
FENGYUN 3A              
1 32958U 08026A   22007.17250805  .00000009  00000+0  24354-4 0  9992
2 32958  98.4800 336.6043 0009606 125.3004 234.9072 14.18682260705466
FENGYUN 2E              
1 33463U 08066A   22006.69790171 -.00000210  00000+0  00000+0 0  9991
2 33463   5.5481  66.2173 0003791 335.6195  42.4391  1.00268529 47828
NOAA 19                 
1 33591U 09005A   22007.06165878  .00000038  00000+0  45762-4 0  9995
2 33591  99.1674  37.6529 0013020 282.0292  77.9419 14.12520378665661
GOES 14                 
1 35491U 09033A   22006.80351337 -.00000095  00000+0  00000+0 0  9990
2 35491   0.0960 295.1966 0014724 290.7598  65.2425  1.00270616 45887
METEOR-M 1              
1 35865U 09049A   22007.15891679  .00000009  00000+0  23157-4 0  9996
2 35865  98.5068 343.0318 0002175   4.8241 355.2958 14.22298558638764
DMSP 5D-3 F18 (USA 210) 
1 35951U 09057A   22007.15031439  .00000117  00000+0  85024-4 0  9992
2 35951  98.7040 350.6824 0010878 181.3855 178.7289 14.13428707630330
GOES 15                 
1 36411U 10008A   22006.72677098  .00000053  00000+0  00000+0 0  9996
2 36411   0.1194 272.8616 0000408  40.4188 286.3549  1.00267084 43407
COMS 1                  
1 36744U 10032A   22006.99316771 -.00000347  00000+0  00000+0 0  9996
2 36744   0.6708  96.2199 0000882 188.9526 307.0613  1.00274082 42381
FENGYUN 3B              
1 37214U 10059A   22007.18746462  .00000060  00000+0  55485-4 0  9997
2 37214  99.0896  10.3151 0023261  90.2134 270.1706 14.14241400578165
SUOMI NPP               
1 37849U 11061A   22007.07264128  .00000022  00000+0  30896-4 0  9994
2 37849  98.7183 307.9927 0001472  85.7363 335.2082 14.19572283528293
FENGYUN 2F              
1 38049U 12002A   22006.55931182 -.00000362  00000+0  00000+0 0  9993
2 38049   3.4005  80.8916 0005273 355.8731 342.3834  1.00284374    16
METEOSAT-10 (MSG-3)     
1 38552U 12035B   22006.85743991  .00000056  00000+0  00000+0 0  9999
2 38552   1.3242  29.8289 0000492 184.2012 210.1714  1.00274071 34597
METOP-B                 
1 38771U 12049A   22007.15467028  .00000017  00000+0  27746-4 0  9993
2 38771  98.6892  69.3753 0001971 122.2255 291.9818 14.21501376482811
FENGYUN 3C              
1 39260U 13052A   22007.22251852  .00000040  00000+0  41255-4 0  9993
2 39260  98.4748  43.3417 0011647  25.1856 334.9884 14.15893022429100
METEOR-M 2              
1 40069U 14037A   22007.18455369 -.00000007  00000+0  16101-4 0  9996
2 40069  98.4438  32.2479 0006949  74.4592 285.7356 14.20694787388961
HIMAWARI-8              
1 40267U 14060A   22006.85213573 -.00000279  00000+0  00000+0 0  9991
2 40267   0.0181  73.8702 0000610 222.2666 257.6823  1.00271156 26498
FENGYUN 2G              
1 40367U 14090A   22007.05927918 -.00000306  00000+0  00000+0 0  9994
2 40367   1.5332  90.9694 0003183 323.5412 172.8843  1.00280651 25775
METEOSAT-11 (MSG-4)     
1 40732U 15034A   22006.86299398 -.00000010  00000+0  00000+0 0  9993
2 40732   0.2619 323.1038 0000860 123.9928 329.5366  1.00271268 23763
ELEKTRO-L 2             
1 41105U 15074A   22006.89304110 -.00000119  00000+0  00000+0 0  9994
2 41105   2.5836  90.0370 0001761 138.2659 185.1646  1.00271799 22242
HIMAWARI-9              
1 41836U 16064A   22006.85222295 -.00000278  00000+0  00000+0 0  9990
2 41836   0.0432 220.2457 0000432 117.1229 216.5595  1.00270202 18924
GOES 16                 
1 41866U 16071A   22006.52206961 -.00000251  00000+0  00000+0 0  9998
2 41866   0.0767 246.8625 0000802  80.5229 251.4379  1.00270663 18832
FENGYUN 4A              
1 41882U 16077A   22007.06015137 -.00000332  00000+0  00000+0 0  9995
2 41882   0.0289  37.1078 0006172  24.5487 171.1857  1.00272163 18715
CYGFM05                 
1 41884U 16078A   22006.68332636  .00000859  00000+0  46109-4 0  9999
2 41884  34.9557 128.5628 0014879  81.5966 278.6432 15.15409553280220
CYGFM04                 
1 41885U 16078B   22006.72495094  .00000910  00000+0  48048-4 0  9995
2 41885  34.9491 118.4237 0013257  97.8883 262.3333 15.15918294280260
CYGFM02                 
1 41886U 16078C   22006.71808517  .00000901  00000+0  47554-4 0  9994
2 41886  34.9582 120.5959 0013997  92.0551 268.1764 15.15929106280410
CYGFM01                 
1 41887U 16078D   22006.59606968  .00000883  00000+0  47614-4 0  9993
2 41887  34.9523 131.1994 0015311  80.4019 279.8421 15.15187901280165
CYGFM08                 
1 41888U 16078E   22006.69407551  .00000936  00000+0  49750-4 0  9994
2 41888  34.9495 123.9672 0014482  92.3202 267.9168 15.15615414280307
CYGFM06                 
1 41889U 16078F   22006.69976539  .00000941  00000+0  49630-4 0  9995
2 41889  34.9577 119.4177 0012975  91.7064 268.5134 15.15913147280284
CYGFM07                 
1 41890U 16078G   22006.67897886  .00000951  00000+0  50139-4 0  9999
2 41890  34.9517 118.3854 0012721  95.9559 264.2603 15.15907102280260
CYGFM03                 
1 41891U 16078H   22006.61111901  .00000906  00000+0  47888-4 0  9998
2 41891  34.9548 119.2307 0012243  93.3312 266.8800 15.15902519280248
FENGYUN 3D              
1 43010U 17072A   22007.18411395 -.00000002  00000+0  20380-4 0  9997
2 43010  98.7982 312.7469 0002403  29.4739 330.6582 14.19176268214894
NOAA 20                 
1 43013U 17073A   22007.09475423  .00000023  00000+0  31535-4 0  9999
2 43013  98.7423 307.8166 0001265  97.3127 262.8193 14.19567559214336
GOES 17                 
1 43226U 18022A   22006.72493941  .00000095  00000+0  00000+0 0  9991
2 43226   0.0558 229.9140 0000387  49.6967 310.3993  1.00272146 14155
FENGYUN 2H              
1 43491U 18050A   22007.12696059 -.00000127  00000+0  00000+0 0  9993
2 43491   0.7455 101.0943 0003125  43.2381  87.0059  1.00267614 13240
METOP-C                 
1 43689U 18087A   22007.11062593  .00000011  00000+0  25023-4 0  9999
2 43689  98.7089  69.5012 0003674 134.7064 225.4413 14.21487872164388
GEO-KOMPSAT-2A          
1 43823U 18100A   22006.71021495 -.00000347  00000+0  00000+0 0  9992
2 43823   0.0406 179.2731 0000518 242.9951  67.8970  1.00273605 11359
METEOR-M2 2             
1 44387U 19038A   22007.14257193 -.00000027  00000+0  73747-5 0  9992
2 44387  98.7001 329.4191 0002146  50.2967 309.8409 14.23696506130452
FENGYUN 3E              
1 49008U 21062A   22007.05877112 -.00000025  00000+0  86480-5 0  9992
2 49008  98.7072  11.5838 0003005  98.8289 261.3233 14.19817448 26414
NOAA 15                 
1 25338U 98030A   22007.54103077  .00000033  00000+0  32175-4 0  9996
2 25338  98.6628  39.0330 0011122  50.6139 309.6024 14.26080939230338
DMSP 5D-3 F15 (USA 147) 
1 25991U 99067A   22006.93123737  .00000039  00000+0  42955-4 0  9992
2 25991  99.0391 355.8670 0009277 289.2388 124.7173 14.16489605140901
METEOSAT-8 (MSG-1)      
1 27509U 02040B   22006.82013757  .00000129  00000+0  00000+0 0  9992
2 27509   7.7418  51.5093 0000494 211.6645 179.9235  1.00277361 70995
DMSP 5D-3 F16 (USA 172) 
1 28054U 03048A   22007.58592522 -.00000029  00000+0  86956-5 0  9993
2 28054  98.9746 357.6862 0008167  56.5174  52.5864 14.13647406940291
NOAA 18                 
1 28654U 05018A   22007.43247293  .00000097  00000+0  76306-4 0  9995
2 28654  98.9707  77.8613 0015047  68.6371 291.6405 14.12674703857335
METEOSAT-9 (MSG-2)      
1 28912U 05049B   22006.94082257  .00000010  00000+0  00000+0 0  9996
2 28912   5.6585  67.3129 0001290 194.4589 186.7284  1.00269406 58774
FORMOSAT-3 FM6          
1 29047U 06011A   22006.48640463  .00000225  00000+0  10416-3 0  9998
2 29047  71.9784  30.4818 0049646 164.8584 195.4052 14.28873998822422
FORMOSAT-3 FM1          
1 29048U 06011B   22007.14933431  .00000140  00000+0  71054-4 0  9995
2 29048  71.9672 299.3758 0041943 121.9648 238.5577 14.28841187825008
FORMOSAT-3 FM5          
1 29049U 06011C   22007.04924216  .00000102  00000+0  56418-4 0  9991
2 29049  72.0206 114.4667 0033639 144.5873 215.7507 14.28923390820792
FORMOSAT-3 FM3          
1 29050U 06011D   22006.86275424  .00000191  00000+0  50085-4 0  9994
2 29050  72.0141 202.7361 0049353   9.3866 350.8196 14.59202774839216
FORMOSAT-3 FM4          
1 29051U 06011E   22006.68579269  .00000088  00000+0  49935-4 0  9996
2 29051  72.0051  16.1583 0067374  20.3144 340.0648 14.28955828823302
FORMOSAT-3 FM2          
1 29052U 06011F   22006.64332826  .00000125  00000+0  64836-4 0  9998
2 29052  72.0348  92.1484 0038026 100.8682 259.6738 14.29065092820790
EWS-G1 (GOES 13)        
1 29155U 06018A   22006.88868723  .00000033  00000+0  00000+0 0  9991
2 29155   0.3771 100.5145 0006088 144.6725 242.7482  1.00274407 27114
METOP-A                 
1 29499U 06044A   22007.54715543  .00000210  00000+0  36585-4 0  9995
2 29499  98.4734  46.8940 0199586 151.9345   8.3080 14.66881197789944
DMSP 5D-3 F17 (USA 191) 
1 29522U 06050A   22007.53035090  .00000016  00000+0  31329-4 0  9995
2 29522  98.7751  25.5360 0009768   4.9509 355.1759 14.14063187783162
FENGYUN 3A              
1 32958U 08026A   22007.45461986  .00000017  00000+0  28019-4 0  9998
2 32958  98.4800 336.8741 0009618 124.5452 235.6633 14.18682320705507
FENGYUN 2E              
1 33463U 08066A   22006.69790171 -.00000210  00000+0  00000+0 0  9991
2 33463   5.5481  66.2173 0003791 335.6195  42.4391  1.00268529 47828
NOAA 19                 
1 33591U 09005A   22007.55750024  .00000039  00000+0  46347-4 0  9993
2 33591  99.1674  38.1601 0013014 280.5303  79.4402 14.12520514665736
GOES 14                 
1 35491U 09033A   22006.80351337 -.00000095  00000+0  00000+0 0  9990
2 35491   0.0960 295.1966 0014724 290.7598  65.2425  1.00270616 45887
METEOR-M 1              
1 35865U 09049A   22007.44031148  .00000015  00000+0  25833-4 0  9995
2 35865  98.5068 343.3034 0002158   4.1944 355.9252 14.22298622638807
DMSP 5D-3 F18 (USA 210) 
1 35951U 09057A   22007.50426275  .00000125  00000+0  89229-4 0  9997
2 35951  98.7040 351.0267 0010898 180.3607 179.7560 14.13428869630389
GOES 15                 
1 36411U 10008A   22006.72677098  .00000053  00000+0  00000+0 0  9996
2 36411   0.1194 272.8616 0000408  40.4188 286.3549  1.00267084 43407
COMS 1                  
1 36744U 10032A   22006.99316771 -.00000347  00000+0  00000+0 0  9996
2 36744   0.6708  96.2199 0000882 188.9526 307.0613  1.00274082 42381
FENGYUN 3B              
1 37214U 10059A   22007.39971003  .00000081  00000+0  66310-4 0  9993
2 37214  99.0898  10.5311 0023269  89.6023 270.7826 14.14241621578191
SUOMI NPP               
1 37849U 11061A   22007.58790589  .00000023  00000+0  31723-4 0  9996
2 37849  98.7183 308.5000 0001467  85.2744  87.4268 14.19572364528364
FENGYUN 2F              
1 38049U 12002A   22006.55931182 -.00000362  00000+0  00000+0 0  9993
2 38049   3.4005  80.8916 0005273 355.8731 342.3834  1.00284374    16
METEOSAT-10 (MSG-3)     
1 38552U 12035B   22006.85743991  .00000056  00000+0  00000+0 0  9999
2 38552   1.3242  29.8289 0000492 184.2012 210.1714  1.00274071 34597
METOP-B                 
1 38771U 12049A   22007.52325878  .00000017  00000+0  27593-4 0  9990
2 38771  98.6892  69.7381 0001982 121.6316  17.7274 14.21501425482865
FENGYUN 3C              
1 39260U 13052A   22007.36385184  .00000037  00000+0  39649-4 0  9994
2 39260  98.4748  43.4762 0011636  24.7970 335.3763 14.15893026429121
METEOR-M 2              
1 40069U 14037A   22007.39583792 -.00000004  00000+0  17468-4 0  9995
2 40069  98.4439  32.4498 0006945  73.9696 286.2253 14.20694847388992
HIMAWARI-8              
1 40267U 14060A   22006.85213573 -.00000279  00000+0  00000+0 0  9991
2 40267   0.0181  73.8702 0000610 222.2666 257.6823  1.00271156 26498
FENGYUN 2G              
1 40367U 14090A   22007.05927918 -.00000306  00000+0  00000+0 0  9994
2 40367   1.5332  90.9694 0003183 323.5412 172.8843  1.00280651 25775
METEOSAT-11 (MSG-4)     
1 40732U 15034A   22006.86299398 -.00000010  00000+0  00000+0 0  9993
2 40732   0.2619 323.1038 0000860 123.9928 329.5366  1.00271268 23763
ELEKTRO-L 2             
1 41105U 15074A   22006.89304110 -.00000119  00000+0  00000+0 0  9994
2 41105   2.5836  90.0370 0001761 138.2659 185.1646  1.00271799 22242
HIMAWARI-9              
1 41836U 16064A   22007.42638105 -.00000277  00000+0  00000+0 0  9994
2 41836   0.0389 209.1681 0000466 120.1378  71.8791  1.00269924 19049
GOES 16                 
1 41866U 16071A   22007.48758372 -.00000250  00000+0  00000+0 0  9991
2 41866   0.0822 250.4716 0000989  72.6302 244.2561  1.00272747 18845
FENGYUN 4A              
1 41882U 16077A   22007.06015137 -.00000332  00000+0  00000+0 0  9995
2 41882   0.0289  37.1078 0006172  24.5487 171.1857  1.00272163 18715
CYGFM05                 
1 41884U 16078A   22006.68332636  .00000859  00000+0  46109-4 0  9999
2 41884  34.9557 128.5628 0014879  81.5966 278.6432 15.15409553280220
CYGFM04                 
1 41885U 16078B   22007.38353576  .00000937  00000+0  49434-4 0  9995
2 41885  34.9493 114.3242 0013260 104.1103 256.1083 15.15919771280527
CYGFM02                 
1 41886U 16078C   22006.71808517  .00000901  00000+0  47554-4 0  9994
2 41886  34.9582 120.5959 0013997  92.0551 268.1764 15.15929106280410
CYGFM01                 
1 41887U 16078D   22006.59606968  .00000883  00000+0  47614-4 0  9993
2 41887  34.9523 131.1994 0015311  80.4019 279.8421 15.15187901280165
CYGFM08                 
1 41888U 16078E   22006.69407551  .00000936  00000+0  49750-4 0  9994
2 41888  34.9495 123.9672 0014482  92.3202 267.9168 15.15615414280307
CYGFM06                 
1 41889U 16078F   22006.69976539  .00000941  00000+0  49630-4 0  9995
2 41889  34.9577 119.4177 0012975  91.7064 268.5134 15.15913147280284
CYGFM07                 
1 41890U 16078G   22006.67897886  .00000951  00000+0  50139-4 0  9999
2 41890  34.9517 118.3854 0012721  95.9559 264.2603 15.15907102280260
CYGFM03                 
1 41891U 16078H   22006.61111901  .00000906  00000+0  47888-4 0  9998
2 41891  34.9548 119.2307 0012243  93.3312 266.8800 15.15902519280248
FENGYUN 3D              
1 43010U 17072A   22007.39562271 -.00000006  00000+0  18356-4 0  9994
2 43010  98.7983 312.9569 0002391  29.5431 330.5877 14.19176236214929
NOAA 20                 
1 43013U 17073A   22007.51765614  .00000034  00000+0  36910-4 0  9994
2 43013  98.7423 308.2340 0001267  97.0249 263.1071 14.19567633214397
GOES 17                 
1 43226U 18022A   22006.72493941  .00000095  00000+0  00000+0 0  9991
2 43226   0.0558 229.9140 0000387  49.6967 310.3993  1.00272146 14155
FENGYUN 2H              
1 43491U 18050A   22007.12696059 -.00000127  00000+0  00000+0 0  9993
2 43491   0.7455 101.0943 0003125  43.2381  87.0059  1.00267614 13240
METOP-C                 
1 43689U 18087A   22007.46256872  .00000016  00000+0  27314-4 0  9992
2 43689  98.7089  69.8484 0003689 133.9074 226.2408 14.21487937164433
GEO-KOMPSAT-2A          
1 43823U 18100A   22006.71021495 -.00000347  00000+0  00000+0 0  9992
2 43823   0.0406 179.2731 0000518 242.9951  67.8970  1.00273605 11359
METEOR-M2 2             
1 44387U 19038A   22007.42368948 -.00000030  00000+0  60027-5 0  9995
2 44387  98.7001 329.6972 0002160  49.4396 310.6968 14.23696485130493
FENGYUN 3E              
1 49008U 21062A   22007.48159873 -.00000009  00000+0  16283-4 0  9991
2 49008  98.7072  11.9997 0003007  97.1713 262.9812 14.19817640 26470
NOAA 15                 
1 25338U 98030A   22007.54103077  .00000033  00000+0  32175-4 0  9996
2 25338  98.6628  39.0330 0011122  50.6139 309.6024 14.26080939230338
DMSP 5D-3 F15 (USA 147) 
1 25991U 99067A   22006.93123737  .00000039  00000+0  42955-4 0  9992
2 25991  99.0391 355.8670 0009277 289.2388 124.7173 14.16489605140901
METEOSAT-8 (MSG-1)      
1 27509U 02040B   22006.82013757  .00000129  00000+0  00000+0 0  9992
2 27509   7.7418  51.5093 0000494 211.6645 179.9235  1.00277361 70995
DMSP 5D-3 F16 (USA 172) 
1 28054U 03048A   22007.58592522 -.00000029  00000+0  86956-5 0  9993
2 28054  98.9746 357.6862 0008167  56.5174  52.5864 14.13647406940291
NOAA 18                 
1 28654U 05018A   22007.43247293  .00000097  00000+0  76306-4 0  9995
2 28654  98.9707  77.8613 0015047  68.6371 291.6405 14.12674703857335
METEOSAT-9 (MSG-2)      
1 28912U 05049B   22006.94082257  .00000010  00000+0  00000+0 0  9996
2 28912   5.6585  67.3129 0001290 194.4589 186.7284  1.00269406 58774
FORMOSAT-3 FM6          
1 29047U 06011A   22006.48640463  .00000225  00000+0  10416-3 0  9998
2 29047  71.9784  30.4818 0049646 164.8584 195.4052 14.28873998822422
FORMOSAT-3 FM1          
1 29048U 06011B   22007.14933431  .00000140  00000+0  71054-4 0  9995
2 29048  71.9672 299.3758 0041943 121.9648 238.5577 14.28841187825008
FORMOSAT-3 FM5          
1 29049U 06011C   22007.04924216  .00000102  00000+0  56418-4 0  9991
2 29049  72.0206 114.4667 0033639 144.5873 215.7507 14.28923390820792
FORMOSAT-3 FM3          
1 29050U 06011D   22006.86275424  .00000191  00000+0  50085-4 0  9994
2 29050  72.0141 202.7361 0049353   9.3866 350.8196 14.59202774839216
FORMOSAT-3 FM4          
1 29051U 06011E   22006.68579269  .00000088  00000+0  49935-4 0  9996
2 29051  72.0051  16.1583 0067374  20.3144 340.0648 14.28955828823302
FORMOSAT-3 FM2          
1 29052U 06011F   22006.64332826  .00000125  00000+0  64836-4 0  9998
2 29052  72.0348  92.1484 0038026 100.8682 259.6738 14.29065092820790
EWS-G1 (GOES 13)        
1 29155U 06018A   22006.88868723  .00000033  00000+0  00000+0 0  9991
2 29155   0.3771 100.5145 0006088 144.6725 242.7482  1.00274407 27114
METOP-A                 
1 29499U 06044A   22007.54715543  .00000210  00000+0  36585-4 0  9995
2 29499  98.4734  46.8940 0199586 151.9345   8.3080 14.66881197789944
DMSP 5D-3 F17 (USA 191) 
1 29522U 06050A   22007.53035090  .00000016  00000+0  31329-4 0  9995
2 29522  98.7751  25.5360 0009768   4.9509 355.1759 14.14063187783162
FENGYUN 3A              
1 32958U 08026A   22007.45461986  .00000017  00000+0  28019-4 0  9998
2 32958  98.4800 336.8741 0009618 124.5452 235.6633 14.18682320705507
FENGYUN 2E              
1 33463U 08066A   22006.69790171 -.00000210  00000+0  00000+0 0  9991
2 33463   5.5481  66.2173 0003791 335.6195  42.4391  1.00268529 47828
NOAA 19                 
1 33591U 09005A   22007.55750024  .00000039  00000+0  46347-4 0  9993
2 33591  99.1674  38.1601 0013014 280.5303  79.4402 14.12520514665736
GOES 14                 
1 35491U 09033A   22006.80351337 -.00000095  00000+0  00000+0 0  9990
2 35491   0.0960 295.1966 0014724 290.7598  65.2425  1.00270616 45887
METEOR-M 1              
1 35865U 09049A   22007.44031148  .00000015  00000+0  25833-4 0  9995
2 35865  98.5068 343.3034 0002158   4.1944 355.9252 14.22298622638807
DMSP 5D-3 F18 (USA 210) 
1 35951U 09057A   22007.50426275  .00000125  00000+0  89229-4 0  9997
2 35951  98.7040 351.0267 0010898 180.3607 179.7560 14.13428869630389
GOES 15                 
1 36411U 10008A   22006.72677098  .00000053  00000+0  00000+0 0  9996
2 36411   0.1194 272.8616 0000408  40.4188 286.3549  1.00267084 43407
COMS 1                  
1 36744U 10032A   22006.99316771 -.00000347  00000+0  00000+0 0  9996
2 36744   0.6708  96.2199 0000882 188.9526 307.0613  1.00274082 42381
FENGYUN 3B              
1 37214U 10059A   22007.39971003  .00000081  00000+0  66310-4 0  9993
2 37214  99.0898  10.5311 0023269  89.6023 270.7826 14.14241621578191
SUOMI NPP               
1 37849U 11061A   22007.58790589  .00000023  00000+0  31723-4 0  9996
2 37849  98.7183 308.5000 0001467  85.2744  87.4268 14.19572364528364
FENGYUN 2F              
1 38049U 12002A   22006.55931182 -.00000362  00000+0  00000+0 0  9993
2 38049   3.4005  80.8916 0005273 355.8731 342.3834  1.00284374    16
METEOSAT-10 (MSG-3)     
1 38552U 12035B   22006.85743991  .00000056  00000+0  00000+0 0  9999
2 38552   1.3242  29.8289 0000492 184.2012 210.1714  1.00274071 34597
METOP-B                 
1 38771U 12049A   22007.52325878  .00000017  00000+0  27593-4 0  9990
2 38771  98.6892  69.7381 0001982 121.6316  17.7274 14.21501425482865
FENGYUN 3C              
1 39260U 13052A   22007.36385184  .00000037  00000+0  39649-4 0  9994
2 39260  98.4748  43.4762 0011636  24.7970 335.3763 14.15893026429121
METEOR-M 2              
1 40069U 14037A   22007.39583792 -.00000004  00000+0  17468-4 0  9995
2 40069  98.4439  32.4498 0006945  73.9696 286.2253 14.20694847388992
HIMAWARI-8              
1 40267U 14060A   22006.85213573 -.00000279  00000+0  00000+0 0  9991
2 40267   0.0181  73.8702 0000610 222.2666 257.6823  1.00271156 26498
FENGYUN 2G              
1 40367U 14090A   22007.05927918 -.00000306  00000+0  00000+0 0  9994
2 40367   1.5332  90.9694 0003183 323.5412 172.8843  1.00280651 25775
METEOSAT-11 (MSG-4)     
1 40732U 15034A   22006.86299398 -.00000010  00000+0  00000+0 0  9993
2 40732   0.2619 323.1038 0000860 123.9928 329.5366  1.00271268 23763
ELEKTRO-L 2             
1 41105U 15074A   22006.89304110 -.00000119  00000+0  00000+0 0  9994
2 41105   2.5836  90.0370 0001761 138.2659 185.1646  1.00271799 22242
HIMAWARI-9              
1 41836U 16064A   22007.42638105 -.00000277  00000+0  00000+0 0  9994
2 41836   0.0389 209.1681 0000466 120.1378  71.8791  1.00269924 19049
GOES 16                 
1 41866U 16071A   22007.48758372 -.00000250  00000+0  00000+0 0  9991
2 41866   0.0822 250.4716 0000989  72.6302 244.2561  1.00272747 18845
FENGYUN 4A              
1 41882U 16077A   22007.06015137 -.00000332  00000+0  00000+0 0  9995
2 41882   0.0289  37.1078 0006172  24.5487 171.1857  1.00272163 18715
CYGFM05                 
1 41884U 16078A   22006.68332636  .00000859  00000+0  46109-4 0  9999
2 41884  34.9557 128.5628 0014879  81.5966 278.6432 15.15409553280220
CYGFM04                 
1 41885U 16078B   22007.38353576  .00000937  00000+0  49434-4 0  9995
2 41885  34.9493 114.3242 0013260 104.1103 256.1083 15.15919771280527
CYGFM02                 
1 41886U 16078C   22006.71808517  .00000901  00000+0  47554-4 0  9994
2 41886  34.9582 120.5959 0013997  92.0551 268.1764 15.15929106280410
CYGFM01                 
1 41887U 16078D   22006.59606968  .00000883  00000+0  47614-4 0  9993
2 41887  34.9523 131.1994 0015311  80.4019 279.8421 15.15187901280165
CYGFM08                 
1 41888U 16078E   22006.69407551  .00000936  00000+0  49750-4 0  9994
2 41888  34.9495 123.9672 0014482  92.3202 267.9168 15.15615414280307
CYGFM06                 
1 41889U 16078F   22006.69976539  .00000941  00000+0  49630-4 0  9995
2 41889  34.9577 119.4177 0012975  91.7064 268.5134 15.15913147280284
CYGFM07                 
1 41890U 16078G   22006.67897886  .00000951  00000+0  50139-4 0  9999
2 41890  34.9517 118.3854 0012721  95.9559 264.2603 15.15907102280260
CYGFM03                 
1 41891U 16078H   22006.61111901  .00000906  00000+0  47888-4 0  9998
2 41891  34.9548 119.2307 0012243  93.3312 266.8800 15.15902519280248
FENGYUN 3D              
1 43010U 17072A   22007.39562271 -.00000006  00000+0  18356-4 0  9994
2 43010  98.7983 312.9569 0002391  29.5431 330.5877 14.19176236214929
NOAA 20                 
1 43013U 17073A   22007.51765614  .00000034  00000+0  36910-4 0  9994
2 43013  98.7423 308.2340 0001267  97.0249 263.1071 14.19567633214397
GOES 17                 
1 43226U 18022A   22006.72493941  .00000095  00000+0  00000+0 0  9991
2 43226   0.0558 229.9140 0000387  49.6967 310.3993  1.00272146 14155
FENGYUN 2H              
1 43491U 18050A   22007.12696059 -.00000127  00000+0  00000+0 0  9993
2 43491   0.7455 101.0943 0003125  43.2381  87.0059  1.00267614 13240
METOP-C                 
1 43689U 18087A   22007.46256872  .00000016  00000+0  27314-4 0  9992
2 43689  98.7089  69.8484 0003689 133.9074 226.2408 14.21487937164433
GEO-KOMPSAT-2A          
1 43823U 18100A   22006.71021495 -.00000347  00000+0  00000+0 0  9992
2 43823   0.0406 179.2731 0000518 242.9951  67.8970  1.00273605 11359
METEOR-M2 2             
1 44387U 19038A   22007.42368948 -.00000030  00000+0  60027-5 0  9995
2 44387  98.7001 329.6972 0002160  49.4396 310.6968 14.23696485130493
FENGYUN 3E              
1 49008U 21062A   22007.48159873 -.00000009  00000+0  16283-4 0  9991
2 49008  98.7072  11.9997 0003007  97.1713 262.9812 14.19817640 26470
